##YUNITS=%T
798.529824 84.275711 
800.458640 83.708418 
802.387456 85.355653 
804.316272 87.917406 
806.245088 89.671844 
808.173904 90.050364 
810.102720 90.678965 
812.031536 92.678016 
813.960352 94.602681 
815.889168 95.635516 
817.817984 96.072804 
819.746800 96.242269 
821.675616 96.304544 
823.604432 96.285089 
825.533248 96.261701 
827.462064 96.183517 
829.390880 96.051967 
831.319696 95.840788 
833.248512 95.524807 
835.177328 95.075030 
837.106144 94.303654 
839.034960 92.843828 
840.963776 90.211021 
842.892592 85.255631 
844.821408 76.514404 
846.750224 66.067572 
848.679040 65.777639 
850.607856 78.178930 
852.536672 88.262158 
854.465488 92.599658 
856.394304 93.840182 
858.323120 93.618210 
860.251936 92.585844 
862.180752 91.344384 
864.109568 90.588094 
866.038384 90.762842 
867.967200 91.653091 
869.896016 92.874150 
871.824832 94.111923 
873.753648 95.207782 
875.682464 96.011998 
877.611280 96.552970 
879.540096 96.910562 
881.468912 97.123236 
883.397728 97.260747 
885.326544 97.392879 
887.255360 97.473859 
889.184176 97.486405 
891.112992 97.517437 
893.041808 97.586795 
894.970624 97.655246 
896.899440 97.693700 
898.828256 97.683369 
900.757072 97.634068 
902.685888 97.640121 
904.614704 97.680935 
906.543520 97.676418 
908.472336 97.670535 
910.401152 97.611204 
912.329968 97.558938 
914.258784 97.544764 
916.187600 97.488783 
918.116416 97.441784 
920.045232 97.406034 
921.974048 97.337309 
923.902864 97.243564 
925.831680 97.172940 
927.760496 97.107563 
929.689312 96.986166 
931.618128 96.889917 
933.546944 96.778249 
935.475760 96.650799 
937.404576 96.459840 
939.333392 96.172175 
941.262208 95.850383 
943.191024 95.364320 
945.119840 94.617194 
947.048656 93.620507 
948.977472 92.380329 
950.906288 90.952809 
952.835104 89.516371 
954.763920 88.149067 
956.692736 86.831765 
958.621552 85.468425 
960.550368 84.316217 
962.479184 83.902454 
964.408000 84.527284 
966.336816 86.102131 
968.265632 88.217168 
970.194448 90.370425 
972.123264 92.224980 
974.052080 93.575597 
975.980896 94.384037 
977.909712 94.798377 
979.838528 94.994130 
981.767344 95.131132 
983.696160 95.316375 
985.624976 95.512668 
987.553792 95.677969 
989.482608 95.830439 
991.411424 95.966005 
993.340240 96.051244 
995.269056 96.124650 
997.197872 96.144617 
999.126688 96.160400 
1001.055504 96.172322 
1002.984320 96.143919 
1004.913136 96.074645 
1006.841952 95.977456 
1008.770768 95.891284 
1010.699584 95.814095 
1012.628400 95.687075 
1014.557216 95.498973 
1016.486032 95.254551 
1018.414848 94.924062 
1020.343664 94.379792 
1022.272480 93.601815 
1024.201296 92.532493 
1026.130112 90.904590 
1028.058928 87.908460 
1029.987744 82.552754 
1031.916560 77.438679 
1033.845376 79.735926 
1035.774192 87.072872 
1037.703008 92.065918 
1039.631824 94.172596 
1041.560640 94.912918 
1043.489456 95.134451 
1045.418272 95.140434 
1047.347088 95.065546 
1049.275904 94.951621 
1051.204720 94.807440 
1053.133536 94.629938 
1055.062352 94.395369 
1056.991168 94.107250 
1058.919984 93.789214 
1060.848800 93.443327 
1062.777616 93.072212 
1064.706432 92.638279 
1066.635248 92.141275 
1068.564064 91.567243 
1070.492880 90.844733 
1072.421696 89.867516 
1074.350512 88.547301 
1076.279328 86.731969 
1078.208144 84.108609 
1080.136960 80.346466 
1082.065776 75.063376 
1083.994592 67.679415 
1085.923408 58.134586 
1087.852224 49.297870 
1089.781040 47.897552 
1091.709856 57.950130 
1093.638672 72.391688 
1095.567488 82.811001 
1097.496304 88.199764 
1099.425120 90.561148 
1101.353936 91.475747 
1103.282752 91.740994 
1105.211568 91.744184 
1107.140384 91.572075 
1109.069200 91.165348 
1110.998016 90.465749 
1112.926832 89.486559 
1114.855648 88.458877 
1116.784464 87.580685 
1118.713280 86.702937 
1120.642096 85.392661 
1122.570912 83.379391 
1124.499728 80.547398 
1126.428544 76.857728 
1128.357360 72.462533 
1130.286176 68.070300 
1132.214992 65.061022 
1134.143808 64.786577 
1136.072624 67.328322 
1138.001440 71.474256 
1139.930256 75.500665 
1141.859072 78.131088 
1143.787888 78.916004 
1145.716704 77.919851 
1147.645520 75.115952 
1149.574336 70.057398 
1151.503152 62.280690 
1153.431968 52.933226 
1155.360784 46.240876 
1157.289600 47.065908 
1159.218416 55.101378 
1161.147232 65.150278 
1163.076048 73.059836 
1165.004864 77.812705 
1166.933680 79.961722 
1168.862496 80.334101 
1170.791312 79.500713 
1172.720128 77.797063 
1174.648944 75.429086 
1176.577760 72.594634 
1178.506576 69.512362 
1180.435392 66.441721 
1182.364208 63.684312 
1184.293024 61.436747 
1186.221840 59.670055 
1188.150656 58.162939 
1190.079472 56.706886 
1192.008288 55.461006 
1193.937104 54.908403 
1195.865920 55.275204 
1197.794736 55.936952 
1199.723552 55.986187 
1201.652368 54.935608 
1203.581184 52.847363 
1205.510000 50.172435 
1207.438816 47.562757 
1209.367632 45.664289 
1211.296448 45.106595 
1213.225264 46.150661 
1215.154080 48.728171 
1217.082896 52.504838 
1219.011712 57.077817 
1220.940528 61.913804 
1222.869344 66.460051 
1224.798160 70.074960 
1226.726976 72.325078 
1228.655792 73.237710 
1230.584608 73.384414 
1232.513424 73.587932 
1234.442240 74.291755 
1236.371056 75.121307 
1238.299872 75.385262 
1240.228688 74.505533 
1242.157504 72.114260 
1244.086320 68.047394 
1246.015136 62.751465 
1247.943952 57.527380 
1249.872768 54.419732 
1251.801584 55.210726 
1253.730400 60.392769 
1255.659216 68.450900 
1257.588032 76.869838 
1259.516848 83.643971 
1261.445664 88.033271 
1263.374480 90.336205 
1265.303296 91.395295 
1267.232112 91.652067 
1269.160928 91.352449 
1271.089744 90.621659 
1273.018560 89.653945 
1274.947376 88.596017 
1276.876192 87.409082 
1278.805008 85.811548 
1280.733824 83.461112 
1282.662640 80.278809 
1284.591456 76.625038 
1286.520272 73.129680 
1288.449088 70.155506 
1290.377904 67.439736 
1292.306720 64.354612 
1294.235536 60.653723 
1296.164352 56.368955 
1298.093168 51.867593 
1300.021984 47.873600 
1301.950800 45.957212 
1303.879616 47.959795 
1305.808432 54.510029 
1307.737248 63.499569 
1309.666064 71.728223 
1311.594880 77.600754 
1313.523696 81.164916 
1315.452512 82.402156 
1317.381328 81.709573 
1319.310144 79.104120 
1321.238960 75.081607 
1323.167776 70.695572 
1325.096592 67.365817 
1327.025408 66.479175 
1328.954224 67.857882 
1330.883040 69.881058 
1332.811856 71.133596 
1334.740672 71.520675 
1336.669488 72.177376 
1338.598304 74.528146 
1340.527120 78.239035 
1342.455936 80.910843 
1344.384752 82.889040 
1346.313568 84.385864 
1348.242384 85.481872 
1350.171200 86.341469 
1352.100016 86.997072 
1354.028832 87.598689 
1355.957648 88.177194 
1357.886464 88.637709 
1359.815280 89.026762 
1361.744096 89.549689 
1363.672912 90.123983 
1365.601728 90.443965 
1367.530544 90.790577 
1369.459360 91.152243 
1371.388176 91.339979 
1373.316992 91.582420 
1375.245808 91.837337 
1377.174624 91.911516 
1379.103440 91.918353 
1381.032256 91.862813 
1382.961072 91.715409 
1384.889888 91.516180 
1386.818704 91.299822 
1388.747520 91.041690 
1390.676336 90.643874 
1392.605152 90.250496 
1394.533968 89.887725 
1396.462784 89.566060 
1398.391600 89.322199 
1400.320416 89.187776 
1402.249232 89.032269 
1404.178048 89.111602 
1406.106864 89.197267 
1408.035680 89.209489 
1409.964496 89.241258 
1411.893312 89.381261 
1413.822128 89.400497 
1415.750944 89.400041 
1417.679760 89.431580 
1419.608576 89.623233 
1421.537392 89.345844 
1423.466208 89.081918 
1425.395024 88.450796 
1427.323840 87.460058 
1429.252656 85.407378 
1431.181472 81.693887 
1433.110288 76.381487 
1435.039104 69.615495 
1436.967920 60.218077 
1438.896736 56.842778 
1440.825552 60.013206 
1442.754368 66.285848 
1444.683184 72.054919 
1446.612000 76.683305 
1448.540816 80.654403 
1450.469632 82.687370 
1452.398448 84.006537 
1454.327264 84.574426 
1456.256080 85.239836 
1458.184896 85.882215 
1460.113712 85.601613 
1462.042528 85.063322 
1463.971344 84.866315 
1465.900160 85.140422 
1467.828976 85.490929 
1469.757792 85.744510 
1471.686608 85.964554 
1473.615424 85.628222 
1475.544240 84.440056 
1477.473056 82.288578 
1479.401872 78.984652 
1481.330688 73.231412 
1483.259504 67.645513 
1485.188320 65.959341 
1487.117136 70.491737 
1489.045952 79.424432 
1490.974768 87.006942 
1492.903584 89.589577 
1494.832400 91.245238 
1496.761216 92.924972 
1498.690032 93.876336 
1500.618848 94.209545 
1502.547664 94.287932 
1504.476480 94.196409 
1506.405296 94.415295 
1508.334112 94.721537 
1510.262928 94.709493 
1512.191744 94.733200 
1514.120560 94.789000 
1516.049376 95.015164 
1517.978192 95.377129 
1519.907008 95.509254 
1521.835824 95.954151 
1523.764640 96.082436 
1525.693456 96.176420 
1527.622272 96.250919 
1529.551088 96.262802 
1531.479904 96.257563 
1533.408720 96.468051 
1535.337536 96.525972 
1537.266352 96.414019 
1539.195168 96.325692 
1541.123984 96.614526 
1543.052800 96.606856 
1544.981616 96.608603 
1546.910432 96.520045 
1548.839248 96.478323 
1550.768064 96.444906 
1552.696880 96.381972 
1554.625696 96.293942 
1556.554512 96.172131 
1558.483328 96.149425 
1560.412144 96.153725 
1562.340960 95.901621 
1564.269776 95.667129 
1566.198592 95.338047 
1568.127408 95.025398 
1570.056224 94.546831 
1571.985040 93.953711 
1573.913856 93.225193 
1575.842672 91.768249 
1577.771488 89.364338 
1579.700304 86.722309 
1581.629120 83.054067 
1583.557936 80.090906 
1585.486752 80.234467 
1587.415568 83.873383 
1589.344384 87.981892 
1591.273200 90.485869 
1593.202016 91.282228 
1595.130832 91.181892 
1597.059648 90.697231 
1598.988464 90.104176 
1600.917280 89.358054 
1602.846096 88.340447 
1604.774912 86.923570 
1606.703728 84.845414 
1608.632544 81.424145 
1610.561360 76.522338 
1612.490176 71.867837 
1614.418992 70.311441 
1616.347808 77.005091 
1618.276624 84.460665 
1620.205440 87.537516 
1622.134256 90.223146 
1624.063072 92.376046 
1625.991888 93.093438 
1627.920704 93.575567 
1629.849520 93.789537 
1631.778336 93.725610 
1633.707152 93.606806 
1635.635968 93.691050 
1637.564784 93.528030 
1639.493600 93.108308 
1641.422416 92.535556 
1643.351232 91.821341 
1645.280048 91.030221 
1647.208864 89.917641 
1649.137680 88.870802 
1651.066496 87.896533 
1652.995312 86.377376 
1654.924128 84.378213 
1656.852944 82.460335 
1658.781760 79.881059 
1660.710576 76.860112 
1662.639392 72.304778 
1664.568208 67.389512 
1666.497024 62.903107 
1668.425840 58.056177 
1670.354656 52.732461 
1672.283472 50.575711 
1674.212288 50.667407 
1676.141104 53.995692 
1678.069920 56.465865 
1679.998736 60.581275 
1681.927552 64.294992 
1683.856368 72.050713 
1685.785184 77.042290 
1687.714000 79.404565 
1689.642816 82.405824 
1691.571632 84.703316 
1693.500448 86.022712 
1695.429264 88.256202 
1697.358080 90.034382 
1699.286896 91.383897 
1701.215712 92.950400 
1703.144528 93.479836 
1705.073344 94.233789 
1707.002160 95.030895 
1708.930976 95.416832 
1710.859792 95.796177 
1712.788608 96.040255 
1714.717424 96.320378 
1716.646240 96.641270 
1718.575056 96.958591 
1720.503872 96.975666 
1722.432688 96.981940 
1724.361504 96.985339 
1726.290320 96.946852 
1728.219136 96.890305 
1730.147952 96.959292 
1732.076768 97.099955 
1734.005584 97.573734 
1735.934400 97.768523 
1737.863216 97.839887 
1739.792032 97.986572 
1741.720848 98.095894 
1743.649664 98.153984 
1745.578480 98.188036 
1747.507296 98.189636 
1749.436112 98.215535 
1751.364928 98.197345 
1753.293744 98.124236 
1755.222560 98.062920 
1757.151376 98.063470 
1759.080192 98.060062 
1761.009008 98.118889 
1762.937824 98.169673 
1764.866640 98.154456 
1766.795456 98.136564 
1768.724272 98.119622 
1770.653088 98.102888 
1772.581904 98.177866 
1774.510720 98.197041 
1776.439536 98.223877 
1778.368352 98.249499 
1780.297168 98.300924 
1782.225984 98.330768 
1784.154800 98.363435 
1786.083616 98.378516 
1788.012432 98.359565 
1789.941248 98.346953 
1791.870064 98.406491 
1793.798880 98.395720 
1795.727696 98.371746 
1797.656512 98.364721 
1799.585328 98.364331 
1801.514144 98.357368 
1803.442960 98.327355 
1805.371776 98.284543 
1807.300592 98.249664 
1809.229408 98.215886 
1811.158224 98.191306 
1813.087040 98.157116 
1815.015856 98.143548 
1816.944672 98.131604 
1818.873488 98.140317 
1820.802304 98.160179 
1822.731120 98.183992 
1824.659936 98.229488 
1826.588752 98.278714 
1828.517568 98.334423 
1830.446384 98.421349 
1832.375200 98.420374 
1834.304016 98.416364 
1836.232832 98.418965 
1838.161648 98.425660 
1840.090464 98.409164 
1842.019280 98.389346 
1843.948096 98.408521 
1845.876912 98.422248 
1847.805728 98.415698 
1849.734544 98.421675 
1851.663360 98.418410 
1853.592176 98.424927 
1855.520992 98.422893 
1857.449808 98.425334 
1859.378624 98.420732 
1861.307440 98.422062 
1863.236256 98.410368 
1865.165072 98.396810 
1867.093888 98.418120 
1869.022704 98.503869 
1870.951520 98.527508 
1872.880336 98.534964 
1874.809152 98.542697 
1876.737968 98.559711 
1878.666784 98.564502 
1880.595600 98.571771 
1882.524416 98.573032 
1884.453232 98.568808 
1886.382048 98.550189 
1888.310864 98.535044 
1890.239680 98.522586 
1892.168496 98.486447 
1894.097312 98.443179 
1896.026128 98.413756 
1897.954944 98.381031 
1899.883760 98.348118 
1901.812576 98.320441 
1903.741392 98.304482 
1905.670208 98.295103 
1907.599024 98.289038 
1909.527840 98.284446 
1911.456656 98.258975 
1913.385472 98.217811 
1915.314288 98.182808 
1917.243104 98.161573 
1919.171920 98.133925 
1921.100736 98.094554 
1923.029552 98.100644 
1924.958368 98.068233 
1926.887184 98.019816 
1928.816000 97.999126 
1930.744816 97.984711 
1932.673632 97.954934 
1934.602448 97.938556 
1936.531264 97.939652 
1938.460080 97.946035 
1940.388896 97.969900 
1942.317712 98.041422 
1944.246528 98.090285 
1946.175344 98.129384 
1948.104160 98.161001 
1950.032976 98.187538 
1951.961792 98.195046 
1953.890608 98.195626 
1955.819424 98.192970 
1957.748240 98.201711 
1959.677056 98.212863 
1961.605872 98.222536 
1963.534688 98.224670 
1965.463504 98.236905 
1967.392320 98.267254 
1969.321136 98.276233 
1971.249952 98.289513 
1973.178768 98.315263 
1975.107584 98.329808 
1977.036400 98.348474 
1978.965216 98.353246 
1980.894032 98.349137 
1982.822848 98.346669 
1984.751664 98.338847 
1986.680480 98.344212 
1988.609296 98.361805 
1990.538112 98.382613 
1992.466928 98.416672 
1994.395744 98.421249 
1996.324560 98.417082 
1998.253376 98.417055 
2000.182192 98.414340 
2002.111008 98.402193 
2004.039824 98.404962 
2005.968640 98.403210 
2007.897456 98.401006 
2009.826272 98.394685 
2011.755088 98.403108 
2013.683904 98.420631 
2015.612720 98.431563 
2017.541536 98.431571 
2019.470352 98.417167 
2021.399168 98.397349 
2023.327984 98.389386 
2025.256800 98.394572 
2027.185616 98.392254 
2029.114432 98.380482 
2031.043248 98.370359 
2032.972064 98.339455 
2034.900880 98.303818 
2036.829696 98.284610 
2038.758512 98.269102 
2040.687328 98.228819 
2042.616144 98.187937 
2044.544960 98.153182 
2046.473776 98.128743 
2048.402592 98.111002 
2050.331408 98.115271 
2052.260224 98.117310 
2054.189040 98.127162 
2056.117856 98.152706 
2058.046672 98.169448 
2059.975488 98.190294 
2061.904304 98.219315 
2063.833120 98.242253 
2065.761936 98.273093 
2067.690752 98.306834 
2069.619568 98.343941 
2071.548384 98.373186 
2073.477200 98.388320 
2075.406016 98.386835 
2077.334832 98.377249 
2079.263648 98.373646 
2081.192464 98.381218 
2083.121280 98.380325 
2085.050096 98.364422 
2086.978912 98.339961 
2088.907728 98.319149 
2090.836544 98.286001 
2092.765360 98.252058 
2094.694176 98.217577 
2096.622992 98.189067 
2098.551808 98.165945 
2100.480624 98.165014 
2102.409440 98.181124 
2104.338256 98.212060 
2106.267072 98.245555 
2108.195888 98.275229 
2110.124704 98.301129 
2112.053520 98.313915 
2113.982336 98.305658 
2115.911152 98.298531 
2117.839968 98.301910 
2119.768784 98.315923 
2121.697600 98.316117 
2123.626416 98.312304 
2125.555232 98.304810 
2127.484048 98.296127 
2129.412864 98.291583 
2131.341680 98.276888 
2133.270496 98.247202 
2135.199312 98.222354 
2137.128128 98.214136 
2139.056944 98.206268 
2140.985760 98.190204 
2142.914576 98.184404 
2144.843392 98.172723 
2146.772208 98.159641 
2148.701024 98.146106 
2150.629840 98.132046 
2152.558656 98.127561 
2154.487472 98.141415 
2156.416288 98.166640 
2158.345104 98.206543 
2160.273920 98.243724 
2162.202736 98.271724 
2164.131552 98.295304 
2166.060368 98.304346 
2167.989184 98.306375 
2169.918000 98.301408 
2171.846816 98.285200 
2173.775632 98.269446 
2175.704448 98.242375 
2177.633264 98.233356 
2179.562080 98.232640 
2181.490896 98.231779 
2183.419712 98.233504 
2185.348528 98.230406 
2187.277344 98.231825 
2189.206160 98.239693 
2191.134976 98.245114 
2193.063792 98.244211 
2194.992608 98.242694 
2196.921424 98.262225 
2198.850240 98.278818 
2200.779056 98.282667 
2202.707872 98.279366 
2204.636688 98.273782 
2206.565504 98.285068 
2208.494320 98.298766 
2210.423136 98.286750 
2212.351952 98.272331 
2214.280768 98.274099 
2216.209584 98.278635 
2218.138400 98.276200 
2220.067216 98.272541 
2221.996032 98.261165 
2223.924848 98.247076 
2225.853664 98.236740 
2227.782480 98.240457 
2229.711296 98.257215 
2231.640112 98.274602 
2233.568928 98.284090 
2235.497744 98.277297 
2237.426560 98.268859 
2239.355376 98.270794 
2241.284192 98.262674 
2243.213008 98.240233 
2245.141824 98.216694 
2247.070640 98.212574 
2248.999456 98.224478 
2250.928272 98.248156 
2252.857088 98.254877 
2254.785904 98.251452 
2256.714720 98.248096 
2258.643536 98.247533 
2260.572352 98.239424 
2262.501168 98.239073 
2264.429984 98.248538 
2266.358800 98.248991 
2268.287616 98.228507 
2270.216432 98.192329 
2272.145248 98.177003 
2274.074064 98.162983 
2276.002880 98.140441 
2277.931696 98.127794 
2279.860512 98.100202 
2281.789328 98.080006 
2283.718144 98.090795 
2285.646960 98.098230 
2287.575776 98.087638 
2289.504592 98.094673 
2291.433408 98.112316 
2293.362224 98.114721 
2295.291040 98.095939 
2297.219856 98.108345 
2299.148672 98.129217 
2301.077488 98.150658 
2303.006304 98.177195 
2304.935120 98.175063 
2306.863936 98.156653 
2308.792752 98.159754 
2310.721568 98.171491 
2312.650384 98.161613 
2314.579200 98.139154 
2316.508016 98.133250 
2318.436832 98.172800 
2320.365648 98.224128 
2322.294464 98.221933 
2324.223280 98.203735 
2326.152096 98.196357 
2328.080912 98.214040 
2330.009728 98.220395 
2331.938544 98.234118 
2333.867360 98.256247 
2335.796176 98.262412 
2337.724992 98.246538 
2339.653808 98.260759 
2341.582624 98.269067 
2343.511440 98.242351 
2345.440256 98.230357 
2347.369072 98.203352 
2349.297888 98.144087 
2351.226704 98.137346 
2353.155520 98.169988 
2355.084336 98.238623 
2357.013152 98.328783 
2358.941968 98.427869 
2360.870784 98.441388 
2362.799600 98.430157 
2364.728416 98.415188 
2366.657232 98.382167 
2368.586048 98.385823 
2370.514864 98.370913 
2372.443680 98.293593 
2374.372496 98.257167 
2376.301312 98.222456 
2378.230128 98.198388 
2380.158944 98.182463 
2382.087760 98.133973 
2384.016576 98.090838 
2385.945392 98.088171 
2387.874208 98.077302 
2389.803024 98.044018 
2391.731840 98.021747 
2393.660656 98.020123 
2395.589472 98.030254 
2397.518288 98.036669 
2399.447104 98.051577 
2401.375920 98.073635 
2403.304736 98.076396 
2405.233552 98.073772 
2407.162368 98.084736 
2409.091184 98.091595 
2411.020000 98.091029 
2412.948816 98.091708 
2414.877632 98.083118 
2416.806448 98.082964 
2418.735264 98.076021 
2420.664080 98.044351 
2422.592896 98.030253 
2424.521712 98.042478 
2426.450528 98.046561 
2428.379344 98.041567 
2430.308160 98.031342 
2432.236976 98.023325 
2434.165792 98.010432 
2436.094608 98.001612 
2438.023424 98.013967 
2439.952240 98.037249 
2441.881056 98.062089 
2443.809872 98.082542 
2445.738688 98.062095 
2447.667504 98.045126 
2449.596320 98.055082 
2451.525136 98.053549 
2453.453952 98.035186 
2455.382768 98.012300 
2457.311584 98.003333 
2459.240400 98.001691 
2461.169216 97.986707 
2463.098032 97.979360 
2465.026848 97.990950 
2466.955664 97.997862 
2468.884480 97.989215 
2470.813296 97.984572 
2472.742112 97.991711 
2474.670928 97.988711 
2476.599744 97.983432 
2478.528560 97.977857 
2480.457376 97.957446 
2482.386192 97.947301 
2484.315008 97.944143 
2486.243824 97.933880 
2488.172640 97.906873 
2490.101456 97.901807 
2492.030272 97.915818 
2493.959088 97.920939 
2495.887904 97.926548 
2497.816720 97.920791 
2499.745536 97.906584 
2501.674352 97.920360 
2503.603168 97.941027 
2505.531984 97.940205 
2507.460800 97.932627 
2509.389616 97.929518 
2511.318432 97.924508 
2513.247248 97.929493 
2515.176064 97.934385 
2517.104880 97.915985 
2519.033696 97.901995 
2520.962512 97.902875 
2522.891328 97.898266 
2524.820144 97.898209 
2526.748960 97.914300 
2528.677776 97.909894 
2530.606592 97.892398 
2532.535408 97.882354 
2534.464224 97.872729 
2536.393040 97.867046 
2538.321856 97.855864 
2540.250672 97.857563 
2542.179488 97.849274 
2544.108304 97.833738 
2546.037120 97.831708 
2547.965936 97.821796 
2549.894752 97.816174 
2551.823568 97.822624 
2553.752384 97.832482 
2555.681200 97.840257 
2557.610016 97.842232 
2559.538832 97.853053 
2561.467648 97.858334 
2563.396464 97.868615 
2565.325280 97.873680 
2567.254096 97.892588 
2569.182912 97.896479 
2571.111728 97.875566 
2573.040544 97.872471 
2574.969360 97.878320 
2576.898176 97.868543 
2578.826992 97.869741 
2580.755808 97.882449 
2582.684624 97.882677 
2584.613440 97.873134 
2586.542256 97.873379 
2588.471072 97.896291 
2590.399888 97.907829 
2592.328704 97.888177 
2594.257520 97.877381 
2596.186336 97.878829 
2598.115152 97.880976 
2600.043968 97.866405 
2601.972784 97.872726 
2603.901600 97.877152 
2605.830416 97.866771 
2607.759232 97.852220 
2609.688048 97.833992 
2611.616864 97.826116 
2613.545680 97.817137 
2615.474496 97.797941 
2617.403312 97.793441 
2619.332128 97.802240 
2621.260944 97.786002 
2623.189760 97.762508 
2625.118576 97.757287 
2627.047392 97.760953 
2628.976208 97.751974 
2630.905024 97.745626 
2632.833840 97.744746 
2634.762656 97.732416 
2636.691472 97.730991 
2638.620288 97.741724 
2640.549104 97.743506 
2642.477920 97.739065 
2644.406736 97.758850 
2646.335552 97.757416 
2648.264368 97.732138 
2650.193184 97.735416 
2652.122000 97.749140 
2654.050816 97.744262 
2655.979632 97.738486 
2657.908448 97.736038 
2659.837264 97.743314 
2661.766080 97.750248 
2663.694896 97.742844 
2665.623712 97.755084 
2667.552528 97.759843 
2669.481344 97.741278 
2671.410160 97.745813 
2673.338976 97.763888 
2675.267792 97.768184 
2677.196608 97.771138 
2679.125424 97.783089 
2681.054240 97.771361 
2682.983056 97.768188 
2684.911872 97.793881 
2686.840688 97.784482 
2688.769504 97.769721 
2690.698320 97.767793 
2692.627136 97.760263 
2694.555952 97.738876 
2696.484768 97.722726 
2698.413584 97.718756 
2700.342400 97.718497 
2702.271216 97.718241 
2704.200032 97.705539 
2706.128848 97.705747 
2708.057664 97.710981 
2709.986480 97.709352 
2711.915296 97.717431 
2713.844112 97.728191 
2715.772928 97.722773 
2717.701744 97.724250 
2719.630560 97.730468 
2721.559376 97.727936 
2723.488192 97.729798 
2725.417008 97.721849 
2727.345824 97.722501 
2729.274640 97.716161 
2731.203456 97.701599 
2733.132272 97.695070 
2735.061088 97.688102 
2736.989904 97.694512 
2738.918720 97.700067 
2740.847536 97.702078 
2742.776352 97.700323 
2744.705168 97.681808 
2746.633984 97.656510 
2748.562800 97.640308 
2750.491616 97.630588 
2752.420432 97.625975 
2754.349248 97.607729 
2756.278064 97.592295 
2758.206880 97.588234 
2760.135696 97.573820 
2762.064512 97.563860 
2763.993328 97.544692 
2765.922144 97.536967 
2767.850960 97.535431 
2769.779776 97.530788 
2771.708592 97.524555 
2773.637408 97.509787 
2775.566224 97.516196 
2777.495040 97.541257 
2779.423856 97.560900 
2781.352672 97.550073 
2783.281488 97.534841 
2785.210304 97.532606 
2787.139120 97.529808 
2789.067936 97.531333 
2790.996752 97.514809 
2792.925568 97.510621 
2794.854384 97.518115 
2796.783200 97.508541 
2798.712016 97.508278 
2800.640832 97.524093 
2802.569648 97.533600 
2804.498464 97.545426 
2806.427280 97.540624 
2808.356096 97.524784 
2810.284912 97.531037 
2812.213728 97.539763 
2814.142544 97.519287 
2816.071360 97.502164 
2818.000176 97.513915 
2819.928992 97.516132 
2821.857808 97.513326 
2823.786624 97.499472 
2825.715440 97.484361 
2827.644256 97.476948 
2829.573072 97.468673 
2831.501888 97.435800 
2833.430704 97.401595 
2835.359520 97.386377 
2837.288336 97.369066 
2839.217152 97.337370 
2841.145968 97.307924 
2843.074784 97.286295 
2845.003600 97.260062 
2846.932416 97.198178 
2848.861232 97.154865 
2850.790048 97.149055 
2852.718864 97.152558 
2854.647680 97.150068 
2856.576496 97.188616 
2858.505312 97.251855 
2860.434128 97.306370 
2862.362944 97.348409 
2864.291760 97.396650 
2866.220576 97.445590 
2868.149392 97.483982 
2870.078208 97.499067 
2872.007024 97.451614 
2873.935840 97.449544 
2875.864656 97.480916 
2877.793472 97.463466 
2879.722288 97.429446 
2881.651104 97.389485 
2883.579920 97.342817 
2885.508736 97.317824 
2887.437552 97.307246 
2889.366368 97.282721 
2891.295184 97.227191 
2893.224000 97.184770 
2895.152816 97.165089 
2897.081632 97.189811 
2899.010448 97.220285 
2900.939264 97.217131 
2902.868080 97.219595 
2904.796896 97.252311 
2906.725712 97.292613 
2908.654528 97.326543 
2910.583344 97.353583 
2912.512160 97.386415 
2914.440976 97.407051 
2916.369792 97.439673 
2918.298608 97.472036 
2920.227424 97.478408 
2922.156240 97.487947 
2924.085056 97.466813 
2926.013872 97.437018 
2927.942688 97.393084 
2929.871504 97.353403 
2931.800320 97.323671 
2933.729136 97.240128 
2935.657952 97.127121 
2937.586768 97.000352 
2939.515584 96.850879 
2941.444400 96.663734 
2943.373216 96.448945 
2945.302032 96.148566 
2947.230848 95.763111 
2949.159664 95.311168 
2951.088480 94.826944 
2953.017296 94.447149 
2954.946112 94.352623 
2956.874928 94.589222 
2958.803744 95.045428 
2960.732560 95.548886 
2962.661376 96.019305 
2964.590192 96.395515 
2966.519008 96.643172 
2968.447824 96.815085 
2970.376640 96.935069 
2972.305456 96.957728 
2974.234272 96.940086 
2976.163088 96.950553 
2978.091904 96.939669 
2980.020720 96.904954 
2981.949536 96.870760 
2983.878352 96.836687 
2985.807168 96.774236 
2987.735984 96.694495 
2989.664800 96.615665 
2991.593616 96.517562 
2993.522432 96.409581 
2995.451248 96.302464 
2997.380064 96.192725 
2999.308880 96.081608 
3001.237696 95.989823 
3003.166512 95.945961 
3005.095328 95.931626 
3007.024144 95.914468 
3008.952960 95.918446 
3010.881776 95.940014 
3012.810592 95.950408 
3014.739408 95.969792 
3016.668224 95.985627 
3018.597040 95.989295 
3020.525856 95.985777 
3022.454672 95.945759 
3024.383488 95.911267 
3026.312304 95.903190 
3028.241120 95.894914 
3030.169936 95.909346 
3032.098752 95.942518 
3034.027568 95.972653 
3035.956384 95.978771 
3037.885200 95.998368 
3039.814016 96.031650 
3041.742832 96.013660 
3043.671648 95.957423 
3045.600464 95.921383 
3047.529280 95.890064 
3049.458096 95.865120 
3051.386912 95.851875 
3053.315728 95.860256 
3055.244544 95.882860 
3057.173360 95.893659 
3059.102176 95.884147 
3061.030992 95.858950 
3062.959808 95.837713 
3064.888624 95.780042 
3066.817440 95.697777 
3068.746256 95.634382 
3070.675072 95.605332 
3072.603888 95.583783 
3074.532704 95.589599 
3076.461520 95.623456 
3078.390336 95.682272 
3080.319152 95.753842 
3082.247968 95.764291 
3084.176784 95.728590 
3086.105600 95.665896 
3088.034416 95.613703 
3089.963232 95.567474 
3091.892048 95.511600 
3093.820864 95.482900 
3095.749680 95.491344 
3097.678496 95.488065 
3099.607312 95.475388 
3101.536128 95.463202 
3103.464944 95.424519 
3105.393760 95.342429 
3107.322576 95.263130 
3109.251392 95.218536 
3111.180208 95.189108 
3113.109024 95.142612 
3115.037840 95.073256 
3116.966656 95.030735 
3118.895472 95.004857 
3120.824288 94.976179 
3122.753104 94.951364 
3124.681920 94.905064 
3126.610736 94.823712 
3128.539552 94.744035 
3130.468368 94.692685 
3132.397184 94.664152 
3134.326000 94.638339 
3136.254816 94.603035 
3138.183632 94.558701 
3140.112448 94.527857 
3142.041264 94.487238 
3143.970080 94.418611 
3145.898896 94.340884 
3147.827712 94.318215 
3149.756528 94.291952 
3151.685344 94.267784 
3153.614160 94.240972 
3155.542976 94.219539 
3157.471792 94.219884 
3159.400608 94.241665 
3161.329424 94.266776 
3163.258240 94.261413 
3165.187056 94.253300 
3167.115872 94.241926 
3169.044688 94.224411 
3170.973504 94.193422 
3172.902320 94.121674 
3174.831136 94.066554 
3176.759952 94.024034 
3178.688768 93.981284 
3180.617584 93.941485 
3182.546400 93.913791 
3184.475216 93.908638 
3186.404032 93.942896 
3188.332848 93.959812 
3190.261664 93.977854 
3192.190480 94.016411 
3194.119296 94.079514 
3196.048112 94.178686 
3197.976928 94.280103 
3199.905744 94.361442 
3201.834560 94.415522 
3203.763376 94.461179 
3205.692192 94.504598 
3207.621008 94.556367 
3209.549824 94.607425 
3211.478640 94.675984 
3213.407456 94.748417 
3215.336272 94.802628 
3217.265088 94.855196 
3219.193904 94.925798 
3221.122720 94.984163 
3223.051536 95.015070 
3224.980352 95.071801 
3226.909168 95.143367 
3228.837984 95.189160 
3230.766800 95.215830 
3232.695616 95.262049 
3234.624432 95.342651 
3236.553248 95.403505 
3238.482064 95.461220 
3240.410880 95.536143 
3242.339696 95.597204 
3244.268512 95.653923 
3246.197328 95.734097 
3248.126144 95.820574 
3250.054960 95.892320 
3251.983776 95.955022 
3253.912592 96.043285 
3255.841408 96.113276 
3257.770224 96.169926 
3259.699040 96.228429 
3261.627856 96.266290 
3263.556672 96.283820 
3265.485488 96.288955 
3267.414304 96.304587 
3269.343120 96.341002 
3271.271936 96.373039 
3273.200752 96.450637 
3275.129568 96.520120 
3277.058384 96.530546 
3278.987200 96.548605 
3280.916016 96.596639 
3282.844832 96.633337 
3284.773648 96.664337 
3286.702464 96.714582 
3288.631280 96.747855 
3290.560096 96.763477 
3292.488912 96.790888 
3294.417728 96.839644 
3296.346544 96.896077 
3298.275360 96.948207 
3300.204176 96.965280 
3302.132992 96.947160 
3304.061808 96.928098 
3305.990624 96.937947 
3307.919440 96.960290 
3309.848256 97.021780 
3311.777072 97.063613 
3313.705888 97.109752 
3315.634704 97.143871 
3317.563520 97.181806 
3319.492336 97.224155 
3321.421152 97.226076 
3323.349968 97.210071 
3325.278784 97.204969 
3327.207600 97.247614 
3329.136416 97.301714 
3331.065232 97.323031 
3332.994048 97.343085 
3334.922864 97.354288 
3336.851680 97.343712 
3338.780496 97.326461 
3340.709312 97.342236 
3342.638128 97.353222 
3344.566944 97.380695 
3346.495760 97.412361 
3348.424576 97.405511 
3350.353392 97.387018 
3352.282208 97.421402 
3354.211024 97.481557 
3356.139840 97.486531 
3358.068656 97.428376 
3359.997472 97.412232 
3361.926288 97.447223 
3363.855104 97.473501 
3365.783920 97.451533 
3367.712736 97.448997 
3369.641552 97.473103 
3371.570368 97.512284 
3373.499184 97.545980 
3375.428000 97.556061 
3377.356816 97.553742 
3379.285632 97.564116 
3381.214448 97.564197 
3383.143264 97.592354 
3385.072080 97.604228 
3387.000896 97.582979 
3388.929712 97.567577 
3390.858528 97.582316 
3392.787344 97.600755 
3394.716160 97.600284 
3396.644976 97.609049 
3398.573792 97.597893 
3400.502608 97.606044 
3402.431424 97.626745 
3404.360240 97.593407 
3406.289056 97.603404 
3408.217872 97.640022 
3410.146688 97.644771 
3412.075504 97.610399 
3414.004320 97.597176 
3415.933136 97.611669 
3417.861952 97.614720 
3419.790768 97.611653 
3421.719584 97.607199 
3423.648400 97.584132 
3425.577216 97.592344 
3427.506032 97.615528 
3429.434848 97.612330 
3431.363664 97.600854 
3433.292480 97.598358 
3435.221296 97.598288 
3437.150112 97.594832 
3439.078928 97.604249 
3441.007744 97.622013 
3442.936560 97.610865 
3444.865376 97.629819 
3446.794192 97.658501 
3448.723008 97.661998 
3450.651824 97.656804 
3452.580640 97.683889 
3454.509456 97.689436 
3456.438272 97.672680 
3458.367088 97.670653 
3460.295904 97.662648 
3462.224720 97.655160 
3464.153536 97.694617 
3466.082352 97.718046 
3468.011168 97.691555 
3469.939984 97.684656 
3471.868800 97.717608 
3473.797616 97.753793 
3475.726432 97.762887 
3477.655248 97.733504 
3479.584064 97.716796 
3481.512880 97.727247 
3483.441696 97.738928 
3485.370512 97.775530 
3487.299328 97.796113 
3489.228144 97.796809 
3491.156960 97.796221 
3493.085776 97.787941 
3495.014592 97.783864 
3496.943408 97.759136 
3498.872224 97.739322 
3500.801040 97.742619 
3502.729856 97.795508 
3504.658672 97.812025 
3506.587488 97.767027 
3508.516304 97.790096 
3510.445120 97.805340 
3512.373936 97.766123 
3514.302752 97.783605 
3516.231568 97.804171 
3518.160384 97.779313 
3520.089200 97.744635 
3522.018016 97.754201 
3523.946832 97.787811 
3525.875648 97.794598 
3527.804464 97.812889 
3529.733280 97.838981 
3531.662096 97.826276 
3533.590912 97.791171 
3535.519728 97.786711 
3537.448544 97.773974 
3539.377360 97.739181 
3541.306176 97.690768 
3543.234992 97.695256 
3545.163808 97.755972 
3547.092624 97.779077 
3549.021440 97.761579 
3550.950256 97.767790 
3552.879072 97.814026 
3554.807888 97.790399 
3556.736704 97.738946 
3558.665520 97.721836 
3560.594336 97.665397 
3562.523152 97.638039 
3564.451968 97.706389 
3566.380784 97.875243 
3568.309600 97.901444 
3570.238416 97.816800 
3572.167232 97.787055 
3574.096048 97.753198 
3576.024864 97.746706 
3577.953680 97.776173 
3579.882496 97.759155 
3581.811312 97.716742 
3583.740128 97.712540 
3585.668944 97.748033 
3587.597760 97.828784 
3589.526576 97.814255 
3591.455392 97.751191 
3593.384208 97.725754 
3595.313024 97.775809 
3597.241840 97.790885 
3599.170656 97.784575 
3601.099472 97.755263 
3603.028288 97.742943 
3604.957104 97.766489 
3606.885920 97.795038 
3608.814736 97.773462 
3610.743552 97.768892 
3612.672368 97.770988 
3614.601184 97.716459 
3616.530000 97.721762 
3618.458816 97.823586 
3620.387632 97.843241 
3622.316448 97.748189 
3624.245264 97.666690 
3626.174080 97.661917 
3628.102896 97.852067 
3630.031712 97.957974 
3631.960528 97.863217 
3633.889344 97.788707 
3635.818160 97.771904 
3637.746976 97.770988 
3639.675792 97.732919 
3641.604608 97.697130 
3643.533424 97.613991 
3645.462240 97.545740 
3647.391056 97.727782 
3649.319872 97.956310 
3651.248688 97.896398 
3653.177504 97.784881 
3655.106320 97.814111 
3657.035136 97.878483 
3658.963952 97.799333 
3660.892768 97.711411 
3662.821584 97.667122 
3664.750400 97.626759 
3666.679216 97.602963 
3668.608032 97.642767 
3670.536848 97.702626 
3672.465664 97.660675 
3674.394480 97.826155 
3676.323296 98.009323 
3678.252112 97.876040 
3680.180928 97.772534 
3682.109744 97.721912 
3684.038560 97.675675 
3685.967376 97.669395 
3687.896192 97.810555 
3689.825008 97.933888 
3691.753824 97.876111 
3693.682640 97.788074 
3695.611456 97.724663 
3697.540272 97.695699 
3699.469088 97.741855 
3701.397904 97.820656 
3703.326720 97.797767 
3705.255536 97.706985 
3707.184352 97.679236 
3709.113168 97.817590 
3711.041984 97.991041 
3712.970800 97.948405 
3714.899616 97.802189 
3716.828432 97.714337 
3718.757248 97.706189 
3720.686064 97.717622 
3722.614880 97.729999 
3724.543696 97.769338 
3726.472512 97.761657 
3728.401328 97.671651 
3730.330144 97.615878 
3732.258960 97.724917 
3734.187776 97.899862 
3736.116592 97.940142 
3738.045408 97.780151 
3739.974224 97.605177 
3741.903040 97.539795 
3743.831856 97.675430 
3745.760672 97.736656 
3747.689488 97.693567 
3749.618304 97.871178 
3751.547120 98.003678 
3753.475936 97.896737 
3755.404752 97.815674 
3757.333568 97.820753 
3759.262384 97.852418 
3761.191200 97.794483 
3763.120016 97.742406 
3765.048832 97.786163 
3766.977648 97.802980 
3768.906464 97.851266 
3770.835280 97.860388 
3772.764096 97.776463 
3774.692912 97.720728 
3776.621728 97.716139 
3778.550544 97.778471 
3780.479360 97.804506 
3782.408176 97.774284 
3784.336992 97.810245 
3786.265808 97.853289 
3788.194624 97.837714 
3790.123440 97.765132 
3792.052256 97.712035 
3793.981072 97.691302 
3795.909888 97.673746 
3797.838704 97.669040 
3799.767520 97.712921 
3801.696336 97.841675 
3803.625152 97.831407 
3805.553968 97.812825 
3807.482784 97.858745 
3809.411600 97.781617 
3811.340416 97.703178 
3813.269232 97.687603 
3815.198048 97.781391 
3817.126864 97.834012 
3819.055680 97.863641 
3820.984496 97.959695 
3822.913312 97.852443 
3824.842128 97.771278 
3826.770944 97.776272 
3828.699760 97.714840 
3830.628576 97.672959 
3832.557392 97.739090 
3834.486208 97.756585 
3836.415024 97.759094 
3838.343840 97.830182 
3840.272656 97.878001 
3842.201472 97.852555 
3844.130288 97.801596 
3846.059104 97.716503 
3847.987920 97.591073 
3849.916736 97.586270 
3851.845552 97.899098 
3853.774368 98.196113 
3855.703184 97.992191 
3857.632000 97.799166 
3859.560816 97.686867 
3861.489632 97.702555 
3863.418448 97.743442 
3865.347264 97.755802 
3867.276080 97.723825 
3869.204896 97.824496 
3871.133712 97.881767 
3873.062528 97.832699 
3874.991344 97.764550 
3876.920160 97.719510 
3878.848976 97.798298 
3880.777792 97.834407 
3882.706608 97.773301 
3884.635424 97.793590 
3886.564240 97.795017 
3888.493056 97.729075 
3890.421872 97.802246 
3892.350688 97.856323 
3894.279504 97.727915 
3896.208320 97.638290 
3898.137136 97.684347 
3900.065952 97.814267 
3901.994768 97.928617 
3903.923584 97.996914 
3905.852400 97.905577 
3907.781216 97.804225 
3909.710032 97.773622 
3911.638848 97.730801 
3913.567664 97.708262 
3915.496480 97.737191 
3917.425296 97.737598 
3919.354112 97.727326 
3921.282928 97.737745 
3923.211744 97.776708 
3925.140560 97.787344 
3927.069376 97.743879 
3928.998192 97.784894 
3930.927008 97.830266 
3932.855824 97.829978 
3934.784640 97.818662 
3936.713456 97.821293 
3938.642272 97.804329 
3940.571088 97.788880 
3942.499904 97.807526 
3944.428720 97.776941 
3946.357536 97.756952 
3948.286352 97.824201 
3950.215168 97.885523 
3952.143984 97.861247 
3954.072800 97.833498 
3956.001616 97.791857 
3957.930432 97.802638 
3959.859248 97.825187 
3961.788064 97.822055 
3963.716880 97.823877 
3965.645696 97.826963 
3967.574512 97.788802 
3969.503328 97.766092 
3971.432144 97.793622 
3973.360960 97.778119 
3975.289776 97.774710 
3977.218592 97.782122 
3979.147408 97.778047 
3981.076224 97.803271 
3983.005040 97.827156 
3984.933856 97.783500 
3986.862672 97.756997 
3988.791488 97.778003 
3990.720304 97.780046 
3992.649120 97.756670 
3994.577936 97.799623 
3996.506752 97.819965 
3998.435568 97.768292 
4000.364384 97.792270 